100101 101110 011110 100111 111100 010111 100010 001010 011000 110110 101110 111101 000010 011011 101111 010010 110101 010000 111101 100100 011001 100010 111010 100100 011111 100011 001111 101100 100000 010100 010100 110101 001000 110101 111111 000111 111000 100010 111001 001001 011011 100000 000010 110101 011010 001001 010111 111000 100111 010100 010000 010101 111001 110011 011101 011000 110110 101110 101111 000110 100110 000111 000101 111110 000110 101001 010110 011011 110011 110011 101100 101111 101010 010110 000111 111010 001111 110010 110011 011010 010111 101000 110001 010101 100110 100010 000010 011100 100000 100000 111011 111101 100101 001001 011010 011111 000000 101011 011100 110101 110101 000010 001001 111100 010101 101011 101000 011000 000010 110101 110111 110100 010010 001111 100010 010111 011011 000010 101101 000001 010011 111111 110100 101010 110000 101111 100100 101101 010111 011100 111111 110101 111010 000111 110001 100100 001111 100101 011011 001010 011111 011001 000111 100111 110010 011011 011000 001111 110101 101001 101100 100101 100011 010001 010000 011110 111111 010100 011101 011000 110011 000100 110011 100111 101100 011010 010011 011001 101000 101001 000011 101110 101010 111111 011011 111011 111110 000011 101111 000101 000101 110110 000101 101011 010100 010100 101011 011101 101100 011110 011001 111111 100000 101010 100101 110000 101011 100100 101011 010001 000000 010010 100111 110110 000011 111110 001001 010111 011011 111000 001101 100000 110001 010100 101001 011010 010100 010100 100100 110111 100101 011010 110110 001010 001111 101111 000001 110000 010010 111100 101000 001111 111001 111101 011001 111000 010111 000011 001100 101101 000101 001001 100000 111000 000001 011011 001111 100100 001010 100001 011111 001100 111011 111100 011010 000010 011110 101000 100101 010000 000011 100110 011000 011011 111110 101001 100011 111000 001001 010001 101111 001001 
110100 000110 110101 001000 101010 111110 100110 110100 111111 101110 001101 001000 010000 011010 111000 100100 
110000 110110 010000 101101 011011 001011 111100 010100 001001 010110 010001 111001 000101 100110 011110 011101 
111101 100110 010101 100110 011110 001000 110001 111011 000001 001001 100000 011010 001101 001000 111110 011000 
101110 110111 101110 110111 010100 011001 101101 100001 010000 101011 101100 010111 100110 000111 101010 011000 
101110 010001 011101 101011 111101 000001 001011 100011 110110 100011 001001 110110 110000 001110 111000 111001 
011001 101011 010111 111001 100011 111011 000001 001101 000101 001011 000111 000111 010110 010101 110111 111110 
000111 100110 111000 110111 011011 010000 010110 010000 110000 011101 110101 100111 101110 010100 011111 110010 
110001 011111 010100 000101 001010 111001 100110 001110 111010 100000 110101 111001 011010 010010 101001 101010 
101010 110010 000011 101010 101000 010001 011110 111100 000111 010010 001110 101001 101100 011111 101001 111001 
000011 111010 010011 000011 111011 001011 101001 000100 101111 110100 011011 101111 001110 100110 111101 011110 
101001 110101 110001 101100 000100 010101 101000 010111 100011 010010 011011 100011 100000 110100 111100 011001 
011100 001101 010101 100101 000011 101110 001100 100111 011101 101000 000100 010111 011101 010111 101110 000000 
001111 110101 110010 101000 001110 110001 001110 000010 110100 001111 000100 110110 011101 010110 101110 010000 
100010 000000 010000 001110 010000 110110 110100 010000 010100 011001 010011 010100 010100 111100 110100 100000 
101011 011001 111000 111111 111001 011110 010111 111011 111011 101111 101110 111011 100001 000001 000010 010110 
